dataset: xor
epochs: 300
lr: 0.2
l2: 0.001
seed: 0
accuracy: 0.516667
w: [-0.0259648315827357, 0.020558141273241234]
b: 1.0409287525684861e-07
boundary_plot: ./out_linear/xor_boundary.png
loss_plot: ./out_linear/xor_loss.png
